Welcome to this game! Please Login
Login OK... hi baba0117. There are currently 27 questions available
Question 26: the data provided contains a tuple, where first element is a sha256. The second element contains a dictionary (created by scapping the victims facebook) of words an values that the password could be generated from. Assume that the password length is 8 characters, and that the system requires lowercase, uppercase letters and numbers.
('0ba128bd856006948e7c57b714586bf43199aa898cc2bcd25141d951a34664a8', [('Lars', 'Hansen', '05', '09', '1984'), 'fido', ('jan', '08', '08', '2014'), ('barcelona', 'fodbold')])
0ba128bd856006948e7c57b714586bf43199aa898cc2bcd25141d951a34664a8 64 [('Lars', 'Hansen', '05', '09', '1984'), 'fido', ('jan', '08', '08', '2014'), ('barcelona', 'fodbold')]
['0', '14', '19', '20', '5', '8', '84', '9', 'BARCELONA', 'Barcelona', 'FIDO', 'FODBOLD', 'Fido', 'Fodbold', 'HANSEN', 'Hansen', 'JAN', 'Jan', 'LARS', 'Lars', 'barcelona', 'fido', 'fodbold', 'hansen', 'jan', 'lars']
None Is incorrect!
Here is the score for all users: 
------------
Name		Score	Questions passed
dany		2/27	0,1
dani7354		26/27	0,1,2,3,4,5,6,7,8,9,10,11,12,13,14,15,16,17,18,19,20,21,22,23,24,25
pete4654		23/27	0,1,2,3,4,5,6,7,8,9,10,11,12,13,14,15,16,17,18,19,20,25,26
joha6163		15/27	0,1,2,3,4,5,6,7,8,9,10,11,12,13,14
chri115v		13/27	0,1,2,3,4,5,6,7,8,9,10,19,20
mich282q		7/27	0,1,2,5,12,13,14
mikk615k		17/27	0,1,2,3,4,5,6,7,8,9,10,11,12,13,14,16,19
kasp607p		27/27	0,1,2,3,4,5,6,7,8,9,10,11,12,13,14,15,16,17,18,19,20,21,22,23,24,25,26
mikk065y		22/27	0,1,2,3,4,5,6,7,8,9,10,11,12,13,14,15,16,17,18,19,20,26
chri643z		15/27	0,1,2,3,4,5,6,7,8,9,11,13,15,16,18
jett687d		22/27	0,1,2,3,4,5,6,7,8,9,10,11,12,13,14,15,16,17,18,19,20,21
mart779j		17/27	0,1,2,3,4,5,6,7,8,9,10,11,12,13,15,16,18
jesp688a		27/27	0,1,2,3,4,5,6,7,8,9,10,11,12,13,14,15,16,17,18,19,20,21,22,23,24,25,26
niel5882		16/27	0,1,2,3,4,5,6,7,8,9,11,13,14,15,16,18
jasp0359		26/27	0,1,2,3,4,5,6,7,8,9,10,11,12,13,14,15,16,17,18,19,20,21,22,23,24,25
moha2173		15/27	0,1,2,3,4,5,6,7,8,9,10,11,12,13,15
nico925j		16/27	0,1,2,3,4,5,6,7,8,9,10,11,12,13,15,16
jake0007		10/27	0,1,2,3,4,5,6,7,8,9
patr6099		27/27	0,1,2,3,4,5,6,7,8,9,10,11,12,13,14,15,16,17,18,19,20,21,22,23,24,25,26
nick979g		5/27	0,1,2,3,4
marc1967		26/27	0,1,2,3,4,5,6,7,8,9,10,11,12,13,14,15,16,17,18,19,20,21,22,23,24,25
sali0294		15/27	0,1,2,3,4,5,6,7,8,9,10,11,12,13,14
niko6990		26/27	0,1,2,3,4,5,6,7,8,9,10,11,12,13,14,15,16,17,18,19,20,21,22,23,24,25
baba0117		26/27	0,1,2,3,4,5,6,7,8,9,10,11,12,13,14,15,16,17,18,19,20,21,22,23,24,25
jesp9030		6/27	0,5,6,8,9,10
math7251		13/27	0,1,2,3,4,5,6,7,8,9,10,11,12
zaee0004		8/27	0,1,2,3,4,5,6,7
nick5067		6/27	0,9,11,12,13,14
matt0650		27/27	0,1,2,3,4,5,6,7,8,9,10,11,12,13,14,15,16,17,18,19,20,21,22,23,24,25,26
mila0237		9/27	0,1,2,3,4,5,6,7,9
moha2511		20/27	0,1,2,3,4,5,6,7,8,9,10,11,12,13,14,15,16,17,18,19
